<?xml version="1.0" encoding="UTF-8"?>
<map version="1.5" tiledversion="1.7.1" orientation="orthogonal" renderorder="right-down" width="64" height="64" tilewidth="8" tileheight="8" infinite="0" nextlayerid="2" nextobjectid="1">
 <editorsettings>
  <export target="worldmap2.csv" format="csv"/>
 </editorsettings>
 <tileset firstgid="1" source="../../map/map01/set03.chr.tsx"/>
 <layer id="1" name="タイルレイヤー1" width="64" height="64">
  <data encoding="csv">
225,226,227,228,229,230,231,232,233,234,225,226,227,228,229,230,231,232,233,234,225,226,227,228,229,230,231,232,233,234,225,226,227,228,229,230,231,232,233,234,225,226,227,228,229,230,231,232,233,234,225,226,227,228,229,230,231,232,233,234,225,226,227,228,
226,225,225,65,65,65,65,65,65,65,226,225,226,65,65,65,65,65,65,65,226,225,227,65,65,65,65,65,65,65,226,225,228,65,65,65,65,65,65,65,226,225,229,65,65,65,65,65,65,65,226,225,230,65,65,65,65,65,65,65,226,225,231,65,
227,65,65,65,65,65,65,65,65,65,227,65,65,65,65,65,65,65,65,65,227,65,65,65,65,65,65,65,65,65,227,65,65,65,65,65,65,65,65,65,227,65,65,65,65,65,65,65,65,65,227,65,65,65,65,65,65,65,65,65,227,65,65,65,
228,65,65,65,65,65,65,65,65,65,228,65,65,65,65,65,65,65,65,65,228,65,65,65,65,65,65,65,65,65,228,65,65,65,65,65,65,65,65,65,228,65,65,65,65,65,65,65,65,65,228,65,65,65,65,65,65,65,65,65,228,65,65,65,
229,65,65,65,65,65,65,65,65,65,229,65,65,65,65,65,65,65,65,65,229,65,65,65,65,65,65,65,65,65,229,65,65,65,65,65,65,65,65,65,229,65,65,65,65,65,65,65,65,65,229,65,65,65,65,65,65,65,65,65,229,65,65,65,
230,65,65,65,65,65,65,65,65,65,230,65,65,65,65,65,65,65,65,65,230,65,65,65,65,65,65,65,65,65,230,65,65,65,65,65,65,65,65,65,230,65,65,65,65,65,65,65,65,65,230,65,65,65,65,65,65,65,65,65,230,65,65,65,
231,65,65,65,65,65,65,65,65,65,231,65,65,65,65,65,65,65,65,65,231,65,65,65,65,65,65,65,65,65,231,65,65,65,65,65,65,65,65,65,231,65,65,65,65,65,65,65,65,65,231,65,65,65,65,65,65,65,65,65,231,65,65,65,
232,65,65,65,65,65,65,65,65,65,232,65,65,65,65,65,65,65,65,65,232,65,65,65,65,65,65,65,65,65,232,65,65,65,65,65,65,65,65,65,232,65,65,65,65,65,65,65,65,65,232,65,65,65,65,65,65,65,65,65,232,65,65,65,
233,65,65,65,65,65,65,65,65,65,233,65,65,65,65,65,65,65,65,65,233,65,65,65,65,65,65,65,65,65,233,65,65,65,65,65,65,65,65,65,233,65,65,65,65,65,65,65,65,65,233,65,65,65,65,65,65,65,65,65,233,65,65,65,
234,65,65,65,65,65,65,65,65,65,234,65,65,65,65,65,65,65,65,65,234,65,65,65,65,65,65,65,65,65,234,65,65,65,65,65,65,65,65,65,234,65,65,65,65,65,65,65,65,65,234,65,65,65,65,65,65,65,65,65,234,65,65,65,
225,226,227,228,229,230,231,232,233,234,225,226,227,228,229,230,231,232,233,234,225,226,227,228,229,230,231,232,233,234,225,226,227,228,229,230,231,232,233,234,225,226,227,228,229,230,231,232,233,234,225,226,227,228,229,230,231,232,233,234,225,226,227,228,
226,226,225,65,65,65,65,65,65,65,226,226,226,65,65,65,65,65,65,65,226,226,227,65,65,65,65,65,65,65,226,226,228,65,65,65,65,65,65,65,226,226,229,65,65,65,65,65,65,65,226,226,230,65,65,65,65,65,65,65,226,226,231,65,
227,65,65,65,65,65,65,65,65,65,227,65,65,65,65,65,65,65,65,65,227,65,65,65,65,65,65,65,65,65,227,65,65,65,65,65,65,65,65,65,227,65,65,65,65,65,65,65,65,65,227,65,65,65,65,65,65,65,65,65,227,65,65,65,
228,65,65,65,65,65,65,65,65,65,228,65,65,65,65,65,65,65,65,65,228,65,65,65,65,65,65,65,65,65,228,65,65,65,65,65,65,65,65,65,228,65,65,65,65,65,65,65,65,65,228,65,65,65,65,65,65,65,65,65,228,65,65,65,
229,65,65,65,65,65,65,65,65,65,229,65,65,65,65,65,65,65,65,65,229,65,65,65,65,65,65,65,65,65,229,65,65,65,65,65,65,65,65,65,229,65,65,65,65,65,65,65,65,65,229,65,65,65,65,65,65,65,65,65,229,65,65,65,
230,65,65,65,65,65,65,65,65,65,230,65,65,65,65,65,65,65,65,65,230,65,65,65,65,65,65,65,65,65,230,65,65,65,65,65,65,65,65,65,230,65,65,65,65,65,65,65,65,65,230,65,65,65,65,65,65,65,65,65,230,65,65,65,
231,65,65,65,65,65,65,65,65,65,231,65,65,65,65,65,65,65,65,65,231,65,65,65,65,65,65,65,65,65,231,65,65,65,65,65,65,65,65,65,231,65,65,65,65,65,65,65,65,65,231,65,65,65,65,65,65,65,65,65,231,65,65,65,
232,65,65,65,65,65,65,65,65,65,232,65,65,65,65,65,65,65,65,65,232,65,65,65,65,65,65,65,65,65,232,65,65,65,65,65,65,65,65,65,232,65,65,65,65,65,65,65,65,65,232,65,65,65,65,65,65,65,65,65,232,65,65,65,
233,65,65,65,65,65,65,65,65,65,233,65,65,65,65,65,65,65,65,65,233,65,65,65,65,65,65,65,65,65,233,65,65,65,65,65,65,65,65,65,233,65,65,65,65,65,65,65,65,65,233,65,65,65,65,65,65,65,65,65,233,65,65,65,
234,65,65,65,65,65,65,65,65,65,234,65,65,65,65,65,65,65,65,65,234,65,65,65,65,65,65,65,65,65,234,65,65,65,65,65,65,65,65,65,234,65,65,65,65,65,65,65,65,65,234,65,65,65,65,65,65,65,65,65,234,65,65,65,
225,226,227,228,229,230,231,232,233,234,225,226,227,228,229,230,231,232,233,234,225,226,227,228,229,230,231,232,233,234,225,226,227,228,229,230,231,232,233,234,225,226,227,228,229,230,231,232,233,234,225,226,227,228,229,230,231,232,233,234,225,226,227,228,
226,227,225,65,65,65,65,65,65,65,226,227,226,65,65,65,65,65,65,65,226,227,227,65,65,65,65,65,65,65,226,227,228,65,65,65,65,65,65,65,226,227,229,65,65,65,65,65,65,65,226,227,230,65,65,65,65,65,65,65,226,227,231,65,
227,65,65,65,65,65,65,65,65,65,227,65,65,65,65,65,65,65,65,65,227,65,65,65,65,65,65,65,65,65,227,65,65,65,65,65,65,65,65,65,227,65,65,65,65,65,65,65,65,65,227,65,65,65,65,65,65,65,65,65,227,65,65,65,
228,65,65,65,65,65,65,65,65,65,228,65,65,65,65,65,65,65,65,65,228,65,65,65,65,65,65,65,65,65,228,65,65,65,65,65,65,65,65,65,228,65,65,65,65,65,65,65,65,65,228,65,65,65,65,65,65,65,65,65,228,65,65,65,
229,65,65,65,65,65,65,65,65,65,229,65,65,65,65,65,65,65,65,65,229,65,65,65,65,65,65,65,65,65,229,65,65,65,65,65,65,65,65,65,229,65,65,65,65,65,65,65,65,65,229,65,65,65,65,65,65,65,65,65,229,65,65,65,
230,65,65,65,65,65,65,65,65,65,230,65,65,65,65,65,65,65,65,65,230,65,65,65,65,65,65,65,65,65,230,65,65,65,65,65,65,65,65,65,230,65,65,65,65,65,65,65,65,65,230,65,65,65,65,65,65,65,65,65,230,65,65,65,
231,65,65,65,65,65,65,65,65,65,231,65,65,65,65,65,65,65,65,65,231,65,65,65,65,65,65,65,65,65,231,65,65,65,65,65,65,65,65,65,231,65,65,65,65,65,65,65,65,65,231,65,65,65,65,65,65,65,65,65,231,65,65,65,
232,65,65,65,65,65,65,65,65,65,232,65,65,65,65,65,65,65,65,65,232,65,65,65,65,65,65,65,65,65,232,65,65,65,65,65,65,65,65,65,232,65,65,65,65,65,65,65,65,65,232,65,65,65,65,65,65,65,65,65,232,65,65,65,
233,65,65,65,65,65,65,65,65,65,233,65,65,65,65,65,65,65,65,65,233,65,65,65,65,65,65,65,65,65,233,65,65,65,65,65,65,65,65,65,233,65,65,65,65,65,65,65,65,65,233,65,65,65,65,65,65,65,65,65,233,65,65,65,
234,65,65,65,65,65,65,65,65,65,234,65,65,65,65,65,65,65,65,65,234,65,65,65,65,65,65,65,65,65,234,65,65,65,65,65,65,65,65,65,234,65,65,65,65,65,65,65,65,65,234,65,65,65,65,65,65,65,65,65,234,65,65,65,
225,226,227,228,229,230,231,232,233,234,225,226,227,228,229,230,231,232,233,234,225,226,227,228,229,230,231,232,233,234,225,226,227,228,229,230,231,232,233,234,225,226,227,228,229,230,231,232,233,234,225,226,227,228,229,230,231,232,233,234,225,226,227,228,
226,228,225,65,65,65,65,65,65,65,226,228,226,65,65,65,65,65,65,65,226,228,227,65,65,65,65,65,65,65,226,228,228,65,65,65,65,65,65,65,226,228,229,65,65,65,65,65,65,65,226,228,230,65,65,65,65,65,65,65,226,228,231,65,
227,65,65,65,65,65,65,65,65,65,227,65,65,65,65,65,65,65,65,65,227,65,65,65,65,65,65,65,65,65,227,65,65,65,65,65,65,65,65,65,227,65,65,65,65,65,65,65,65,65,227,65,65,65,65,65,65,65,65,65,227,65,65,65,
228,65,65,65,65,65,65,65,65,65,228,65,65,65,65,65,65,65,65,65,228,65,65,65,65,65,65,65,65,65,228,65,65,65,65,65,65,65,65,65,228,65,65,65,65,65,65,65,65,65,228,65,65,65,65,65,65,65,65,65,228,65,65,65,
229,65,65,65,65,65,65,65,65,65,229,65,65,65,65,65,65,65,65,65,229,65,65,65,65,65,65,65,65,65,229,65,65,65,65,65,65,65,65,65,229,65,65,65,65,65,65,65,65,65,229,65,65,65,65,65,65,65,65,65,229,65,65,65,
230,65,65,65,65,65,65,65,65,65,230,65,65,65,65,65,65,65,65,65,230,65,65,65,65,65,65,65,65,65,230,65,65,65,65,65,65,65,65,65,230,65,65,65,65,65,65,65,65,65,230,65,65,65,65,65,65,65,65,65,230,65,65,65,
231,65,65,65,65,65,65,65,65,65,231,65,65,65,65,65,65,65,65,65,231,65,65,65,65,65,65,65,65,65,231,65,65,65,65,65,65,65,65,65,231,65,65,65,65,65,65,65,65,65,231,65,65,65,65,65,65,65,65,65,231,65,65,65,
232,65,65,65,65,65,65,65,65,65,232,65,65,65,65,65,65,65,65,65,232,65,65,65,65,65,65,65,65,65,232,65,65,65,65,65,65,65,65,65,232,65,65,65,65,65,65,65,65,65,232,65,65,65,65,65,65,65,65,65,232,65,65,65,
233,65,65,65,65,65,65,65,65,65,233,65,65,65,65,65,65,65,65,65,233,65,65,65,65,65,65,65,65,65,233,65,65,65,65,65,65,65,65,65,233,65,65,65,65,65,65,65,65,65,233,65,65,65,65,65,65,65,65,65,233,65,65,65,
234,65,65,65,65,65,65,65,65,65,234,65,65,65,65,65,65,65,65,65,234,65,65,65,65,65,65,65,65,65,234,65,65,65,65,65,65,65,65,65,234,65,65,65,65,65,65,65,65,65,234,65,65,65,65,65,65,65,65,65,234,65,65,65,
225,226,227,228,229,230,231,232,233,234,225,226,227,228,229,230,231,232,233,234,225,226,227,228,229,230,231,232,233,234,225,226,227,228,229,230,231,232,233,234,225,226,227,228,229,230,231,232,233,234,225,226,227,228,229,230,231,232,233,234,225,226,227,228,
226,229,225,65,65,65,65,65,65,65,226,229,226,65,65,65,65,65,65,65,226,229,227,65,65,65,65,65,65,65,226,229,228,65,65,65,65,65,65,65,226,229,229,65,65,65,65,65,65,65,226,229,230,65,65,65,65,65,65,65,226,229,231,65,
227,65,65,65,65,65,65,65,65,65,227,65,65,65,65,65,65,65,65,65,227,65,65,65,65,65,65,65,65,65,227,65,65,65,65,65,65,65,65,65,227,65,65,65,65,65,65,65,65,65,227,65,65,65,65,65,65,65,65,65,227,65,65,65,
228,65,65,65,65,65,65,65,65,65,228,65,65,65,65,65,65,65,65,65,228,65,65,65,65,65,65,65,65,65,228,65,65,65,65,65,65,65,65,65,228,65,65,65,65,65,65,65,65,65,228,65,65,65,65,65,65,65,65,65,228,65,65,65,
229,65,65,65,65,65,65,65,65,65,229,65,65,65,65,65,65,65,65,65,229,65,65,65,65,65,65,65,65,65,229,65,65,65,65,65,65,65,65,65,229,65,65,65,65,65,65,65,65,65,229,65,65,65,65,65,65,65,65,65,229,65,65,65,
230,65,65,65,65,65,65,65,65,65,230,65,65,65,65,65,65,65,65,65,230,65,65,65,65,65,65,65,65,65,230,65,65,65,65,65,65,65,65,65,230,65,65,65,65,65,65,65,65,65,230,65,65,65,65,65,65,65,65,65,230,65,65,65,
231,65,65,65,65,65,65,65,65,65,231,65,65,65,65,65,65,65,65,65,231,65,65,65,65,65,65,65,65,65,231,65,65,65,65,65,65,65,65,65,231,65,65,65,65,65,65,65,65,65,231,65,65,65,65,65,65,65,65,65,231,65,65,65,
232,65,65,65,65,65,65,65,65,65,232,65,65,65,65,65,65,65,65,65,232,65,65,65,65,65,65,65,65,65,232,65,65,65,65,65,65,65,65,65,232,65,65,65,65,65,65,65,65,65,232,65,65,65,65,65,65,65,65,65,232,65,65,65,
233,65,65,65,65,65,65,65,65,65,233,65,65,65,65,65,65,65,65,65,233,65,65,65,65,65,65,65,65,65,233,65,65,65,65,65,65,65,65,65,233,65,65,65,65,65,65,65,65,65,233,65,65,65,65,65,65,65,65,65,233,65,65,65,
234,65,65,65,65,65,65,65,65,65,234,65,65,65,65,65,65,65,65,65,234,65,65,65,65,65,65,65,65,65,234,65,65,65,65,65,65,65,65,65,234,65,65,65,65,65,65,65,65,65,234,65,65,65,65,65,65,65,65,65,234,65,65,65,
225,226,227,228,229,230,231,232,233,234,225,226,227,228,229,230,231,232,233,234,225,226,227,228,229,230,231,232,233,234,225,226,227,228,229,230,231,232,233,234,225,226,227,228,229,230,231,232,233,234,225,226,227,228,229,230,231,232,233,234,225,226,227,228,
226,230,225,65,65,65,65,65,65,65,226,230,226,65,65,65,65,65,65,65,226,230,227,65,65,65,65,65,65,65,226,230,228,65,65,65,65,65,65,65,226,230,229,65,65,65,65,65,65,65,226,230,230,65,65,65,65,65,65,65,226,230,231,65,
227,65,65,65,65,65,65,65,65,65,227,65,65,65,65,65,65,65,65,65,227,65,65,65,65,65,65,65,65,65,227,65,65,65,65,65,65,65,65,65,227,65,65,65,65,65,65,65,65,65,227,65,65,65,65,65,65,65,65,65,227,65,65,65,
228,65,65,65,65,65,65,65,65,65,228,65,65,65,65,65,65,65,65,65,228,65,65,65,65,65,65,65,65,65,228,65,65,65,65,65,65,65,65,65,228,65,65,65,65,65,65,65,65,65,228,65,65,65,65,65,65,65,65,65,228,65,65,65,
229,65,65,65,65,65,65,65,65,65,229,65,65,65,65,65,65,65,65,65,229,65,65,65,65,65,65,65,65,65,229,65,65,65,65,65,65,65,65,65,229,65,65,65,65,65,65,65,65,65,229,65,65,65,65,65,65,65,65,65,229,65,65,65,
230,65,65,65,65,65,65,65,65,65,230,65,65,65,65,65,65,65,65,65,230,65,65,65,65,65,65,65,65,65,230,65,65,65,65,65,65,65,65,65,230,65,65,65,65,65,65,65,65,65,230,65,65,65,65,65,65,65,65,65,230,65,65,65,
231,65,65,65,65,65,65,65,65,65,231,65,65,65,65,65,65,65,65,65,231,65,65,65,65,65,65,65,65,65,231,65,65,65,65,65,65,65,65,65,231,65,65,65,65,65,65,65,65,65,231,65,65,65,65,65,65,65,65,65,231,65,65,65,
232,65,65,65,65,65,65,65,65,65,232,65,65,65,65,65,65,65,65,65,232,65,65,65,65,65,65,65,65,65,232,65,65,65,65,65,65,65,65,65,232,65,65,65,65,65,65,65,65,65,232,65,65,65,65,65,65,65,65,65,232,65,65,65,
233,65,65,65,65,65,65,65,65,65,233,65,65,65,65,65,65,65,65,65,233,65,65,65,65,65,65,65,65,65,233,65,65,65,65,65,65,65,65,65,233,65,65,65,65,65,65,65,65,65,233,65,65,65,65,65,65,65,65,65,233,65,65,65,
234,65,65,65,65,65,65,65,65,65,234,65,65,65,65,65,65,65,65,65,234,65,65,65,65,65,65,65,65,65,234,65,65,65,65,65,65,65,65,65,234,65,65,65,65,65,65,65,65,65,234,65,65,65,65,65,65,65,65,65,234,65,65,65,
225,226,227,228,229,230,231,232,233,234,225,226,227,228,229,230,231,232,233,234,225,226,227,228,229,230,231,232,233,234,225,226,227,228,229,230,231,232,233,234,225,226,227,228,229,230,231,232,233,234,225,226,227,228,229,230,231,232,233,234,225,226,227,228,
226,231,225,65,65,65,65,65,65,65,226,231,226,65,65,65,65,65,65,65,226,231,227,65,65,65,65,65,65,65,226,231,228,65,65,65,65,65,65,65,226,231,229,65,65,65,65,65,65,65,226,231,230,65,65,65,65,65,65,65,226,231,231,65,
227,65,65,65,65,65,65,65,65,65,227,65,65,65,65,65,65,65,65,65,227,65,65,65,65,65,65,65,65,65,227,65,65,65,65,65,65,65,65,65,227,65,65,65,65,65,65,65,65,65,227,65,65,65,65,65,65,65,65,65,227,65,65,65,
228,65,65,65,65,65,65,65,65,65,228,65,65,65,65,65,65,65,65,65,228,65,65,65,65,65,65,65,65,65,228,65,65,65,65,65,65,65,65,65,228,65,65,65,65,65,65,65,65,65,228,65,65,65,65,65,65,65,65,65,228,65,65,65
</data>
 </layer>
</map>
